((("10000" .
           [1 0 0 0 0])
  ("tris" .
          [0 0 0 1])
  ("incf" .
          [1 0 0 0])
  ("sdl:*black*" .
                 [0 0 0 0 0 0 1 0 0 0 0])
  (":color" .
            [1 0 0 0 0 0])
  ("triangles-drawn" .
                     [4 0 0 0 0 0 0 0 0 0 0 1 0 0 0])
  ("nil" .
         [3 0 0])
  ("format" .
            [1 0 0 0 0 0])
  ("sdl:draw-string-solid-*" .
                             [1 0 0 0 0 0 0 0 0 0 0 0 0 0 0 0 0 0 0 0 0 0 0])
  ("next-state" .
                [1 0 0 0 0 0 0 0 0 0])
  ("collect" .
             [1 0 0 0 0 0 0])
  ("*blocks*" .
              [1 0 0 0 0 0 0 0])
  ("for" .
         [1 0 0])
  ("loop" .
          [1 0 0 0])
  ("defparameter" .
                  [1 0 0 0 0 0 0 0 0 0 0 0])
  ("migrate_www" .
                 [4 0 0 0 0 0 0 0 0 0 0])
  ("-n" .
        [2 0])
  ("echo" .
          [4 0 0 0])
  ("migrate_dev" .
                 [4 0 0 0 0 0 0 0 0 0 0])
  ("insert" .
            [1 0 0 0 0 0])
  ("key" .
         [3 0 0])
  ("clear" .
           [1 0 0 0 0])
  ("k" .
       [1])
  ("key4" .
          [2 0 0 0])
  ("retrieve" .
              [1 0 0 0 0 0 0 0])
  ("assert" .
            [1 0 0 0 0 0])))
